1 112 5
2 257 1
3 298 11
4 385 2
5 540 7
6 597 10
7 671 1
8 802 2
9 846 11
10 941 1
11 1039 3
12 1084 5
13 1143 10
14 1232 4
15 1367 1
16 1419 10
17 1463 8
18 1523 11
19 1637 5
20 1721 6
21 1781 9
22 1904 2
23 1921 2
24 1972 10
25 2057 3
26 2190 10
27 2244 8
28 2351 4
29 2483 6
30 2627 3
31 2759 5
32 2903 1
33 2969 10
34 3045 2
35 3119 8
36 3173 10
37 3218 3
38 3286 11
39 3393 6
40 3408 9
41 3485 2
42 3602 8
43 3746 2
44 3869 10
45 3955 7
46 4048 5
47 4065 3
48 4154 9
49 4307 7
50 4325 1
51 4453 6
52 4577 4
53 4620 10
54 4703 1
55 4859 1
56 4938 10
57 4997 1
58 5117 1
59 5166 10
60 5273 1
61 5374 8
62 5555 1
63 5623 5
64 5673 6
65 5716 11
66 5815 3
67 5926 12
