1 123 2
2 270 10
3 418 3
4 502 3
5 573 6
6 714 2
7 849 5
8 1011 8
9 1079 8
10 1160 10
11 1312 4
12 1463 1
13 1607 3
14 1748 3
15 1901 9
16 1982 2
17 2053 11
18 2108 11
19 2149 10
20 2183 3
21 2190 9
22 2214 11
23 2262 1
24 2304 1
25 2352 2
26 2502 10
27 2646 3
28 2796 10
29 2818 3
30 2862 2
31 2946 10
32 3026 7
33 3060 2
34 3090 10
35 3176 1
36 3229 2
37 3256 10
38 3309 2
39 3393 3
40 3484 5
41 3565 11
42 3616 6
43 3657 8
44 3694 11
45 3744 4
46 3759 7
47 3849 10
48 3891 2
49 3917 10
50 3991 6
51 4069 1
52 4139 5
53 4211 9
54 4235 10
55 4279 1
56 4364 10
57 4388 7
58 4496 3
59 4532 10
60 4593 12
61 4651 1
62 4729 11
