1 23 2
2 60 10
3 118 3
4 119 14
5 172 4
6 220 10
7 270 5
8 329 6
9 377 10
10 432 3
11 480 10
12 528 2
13 586 10
14 647 1
15 690 10
16 740 4
17 801 7
18 832 11
19 895 3
20 902 14
21 943 10
22 995 2
23 1048 8
24 1099 10
25 1147 1
26 1210 8
27 1243 11
28 1307 3
29 1357 10
30 1410 6
31 1474 2
32 1509 11
33 1575 3
34 1630 8
35 1663 10
36 1703 4
37 1781 5
38 1819 11
39 1900 9
40 1935 10
41 1984 5
42 2029 10
43 2093 2
44 2131 11
45 2191 14
46 2195 3
47 2247 4
48 2290 13
49 2291 10
50 2337 5
51 2392 12
52 2454 5
53 2505 10
54 2543 6
55 2607 10
56 2653 6
57 2712 3
58 2756 10
59 2815 2
60 2853 10
61 2904 1
62 3011 3
63 3120 4
64 3211 6
65 3325 5
66 3425 1
67 3527 2
68 3644 4
69 3740 1
70 3846 5
71 3945 2
72 4051 6
73 4155 2
74 4259 3
75 4353 4
76 4457 4
