1 137 2
2 257 4
3 300 11
4 374 4
5 460 10
6 566 6
7 660 3
8 707 2
9 708 14
10 760 2
11 872 11
12 962 5
13 1071 2
14 1174 2
15 1256 11
16 1359 5
17 1397 10
18 1433 9
19 1478 3
20 1518 10
21 1577 6
22 1672 2
23 1786 4
24 1865 11
25 1976 8
26 2075 10
27 2111 1
28 2183 10
29 2307 5
30 2386 6
31 2478 3
32 2604 13
33 2626 12
34 2681 10
35 2725 1
36 2804 7
37 2853 6
38 2887 10
39 2926 1
40 2961 10
41 3001 9
42 3041 11
43 3132 7
44 3206 2
45 3274 3
46 3404 9
47 3501 10
48 3600 6
49 3708 3
50 3780 8
51 3816 11
52 3937 7
53 3994 5
54 4100 1
55 4204 4
56 4308 10
57 4409 3
58 4507 2
59 4575 7
60 4613 11
61 4712 8
62 4742 10
63 4781 6
64 4816 11
65 4968 6
66 5024 11
67 5125 8
