1 6 1
2 42 10
3 94 9
4 136 10
5 174 6
6 215 10
7 251 4
8 316 2
9 358 10
10 394 8
11 472 7
12 506 10
13 542 5
14 590 8
15 624 10
16 654 4
17 746 4
18 819 4
19 900 5
20 985 6
21 1066 3
22 1140 5
23 1224 4
24 1311 7
25 1389 8
26 1477 9
27 1557 8
28 1628 7
29 1964 8
30 1996 10
31 2031 6
32 2066 10
33 2115 8
34 2146 10
35 2187 4
36 2223 10
37 2275 8
38 2308 10
39 2340 6
40 2375 10
41 2424 7
42 2461 10
43 2496 5
44 2535 10
45 2608 9
46 2641 10
47 2671 3
48 2706 10
49 2763 7
50 2799 10
51 2829 2
52 2865 10
53 2927 8
54 2959 10
55 2990 4
56 3018 10
57 3079 7
58 3125 4
59 3158 11
60 3235 3
61 3326 2
62 3420 5
63 3501 1
64 3577 3
65 3658 6
66 3734 5
67 3736 13
68 3738 5
69 3813 3
70 3894 3
71 3935 10
72 3975 9
73 4053 2
74 4091 10
75 4135 8
76 4169 10
77 4200 6
78 4305 8
79 4342 10
80 4381 2
81 4475 7
82 4548 2
83 4632 3
84 4705 5
85 4794 1
86 4872 5
87 4955 6
88 5029 4
89 5125 2
90 5202 1
91 5281 5
92 5356 3
93 5434 4
94 5515 1
95 5600 2
