1 152 3
2 244 2
3 340 5
4 438 4
5 462 10
6 464 10
7 515 2
8 594 6
9 691 1
10 801 3
11 829 11
12 892 6
13 985 4
14 1073 2
15 1168 9
16 1190 10
17 1251 4
18 1337 6
19 1432 1
20 1462 11
21 1524 8
22 1589 3
23 1647 5
24 1695 10
25 1743 6
26 1779 14
27 1782 4
28 1818 4
29 1852 13
30 1854 4
31 1877 11
32 1945 5
33 2032 3
34 2121 1
35 2151 1
36 2201 11
37 2259 6
38 2301 2
39 2334 10
40 2387 4
41 2429 5
42 2476 2
43 2512 10
44 2560 6
45 2587 11
46 2648 5
47 2693 3
48 2741 10
49 2785 2
50 2830 1
51 2871 2
52 2917 10
53 2957 6
54 3002 4
55 3036 4
56 3073 11
57 3124 6
58 3174 4
59 3212 4
60 3258 7
61 3280 11
62 3342 3
63 3394 10
64 3401 10
65 3436 5
66 3512 10
67 3538 6
68 3560 10
69 3580 4
70 3604 11
71 3689 2
72 3782 3
73 3857 14
74 3862 4
75 3893 4
76 3928 13
77 3929 4
78 3962 11
79 4136 4
80 4221 1
81 4257 1
